#Mutation rate:  0.001
 #Population_size   1000
#Sampling distance   1000
#Number of migration events: 3006
#Pairwise divergence within populations:
#Location  1:   Location  2: Loc1 x Loc2:

50.45   2.6875    37.05   3.4875    52.14   1.4404    51.71   1.1259    
49.87   3.1131    36.53   3.3291    51.99   1.2299    51.86   1.7204    
50.24   5.3424    36.64   4.4304    51.92   1.2536    52.08   1.5736    
49.49   3.4899    37.76   3.6624    52.11   1.5979    51.83   1.1011    
49.85   5.7875    37.44   4.8064    52.03   1.7491    51.46   0.7684    
50.18   2.4476    37.28   4.0216    52.08   1.2336    51.81   1.2939    
49.39   4.3579    37.15   3.8275    51.92   1.0336    51.75   0.9475    
50.8   3.98    36.8   2.98    51.95   1.2075    51.82   1.5076    