#Mutation rate:  0.001
 #Population_size   100
#Sampling distance   1000
#Number of migration events: 0
#Pairwise divergence within populations:
#Location  1:   Location  2: Loc1 x Loc2:

99.587   0.242439    
99.5918   0.445648    
99.7083   0.373264    
99.614   0.552785    
99.4318   0.563533    
99.4255   0.755093    
99.463   0.581962    
99.3208   0.746173    
99.6316   0.33795    
99.5957   0.325939    
99.5085   0.588911    
99.4918   0.676162    
99.5854   0.437835    
99.4286   0.673469    
99.8302   0.178711    
99.3585   0.343183    
99.4082   0.486464    
99.5102   0.494794    
99.3448   0.846611    
99.6471   0.306805    
99.3922   0.395233    
99.4   0.595556    
99.2857   0.693878    
99.7255   0.277586    
99.5909   0.514463    
99.6731   0.258506    
99.6122   0.319034    
99.25   0.473214    
99.3774   0.461374    
99.08   0.3136    