1.000000000000000048e-04 nan
1.274274985703133418e-04 nan
1.623776739188721036e-04 nan
2.069138081114790220e-04 nan
2.636650898730358294e-04 nan
3.359818286283781062e-04 nan
4.281332398719395606e-04 nan
5.455594781168520303e-04 nan
6.951927961775604793e-04 nan
8.858667904100823477e-04 nan
1.128837891684688266e-03 nan
1.438449888287662891e-03 nan
1.832980710832435561e-03 nan
2.335721469090121152e-03 nan
2.976351441631319098e-03 nan
3.792690190732249909e-03 nan
4.832930238571751802e-03 nan
6.158482110660260314e-03 nan
7.847599703514606187e-03 nan
1.000000000000000021e-02 nan
